Image File: Normal 01.bmp 
ROI File: ROI image 02.roi 
Image size: 602 x 602
Min. lum.: 84
Max. lum.: 256
Bits/pixel: 8

Normalisation =  No
Histogram analysis = Yes
CO matrix analysis = Yes, Dimensions = 6 x 6, Distances = 1 2 3 4 5
RL matrix analysis = Yes, Dimension = 6
Gradient analysis = Yes, Max pixel value = 16
AR model analysis = Yes
Wavelet analysis = Yes

--------------- CLASS NAMES ----------------

----------------- FEATURES -----------------
_Area	1444	1444	1444	1444	1444	1444	1444	1444	1444	1444	1444	1444	1444	1444	1444	1444
Mean	132.7964	118.34972	125.67452	127.4169	123.52562	107.83033	106.39681	118.43975	127.99931	111.47507	113.50623	115.04155	131.25831	119.05332	125.90235	133.76385
Variance	57.005638	75.911627	61.23478	65.745864	52.79228	24.219828	32.098078	19.344708	36.719529	45.401733	35.116997	67.04398	22.360561	59.658514	43.539634	33.861823
Skewness	0.29490907	1.0019029	-0.1696538	0.43796128	0.52637122	-0.016374755	-0.073428107	-0.38656577	0.047883858	-0.15777636	0.39758545	0.14107038	0.33605954	-0.36537155	0.28398391	0.56743028
Kurtosis	-0.63135829	0.4207066	0.09747044	-0.24257395	-0.7693754	-0.96405955	0.43911276	0.57600093	-0.84935723	0.011819249	-0.34047513	-0.85805325	0.16884763	-0.65278771	-0.55347901	-0.49262779
Perc.01%	120	106	105	113	113	99	93	106	116	95	102	100	121	103	114	125
Perc.10%	122	109	116	118	115	101	98	113	120	103	106	104	126	107	117	127
Perc.50%	132	117	125	128	122	108	107	119	128	111	113	114	131	120	125	133
Perc.90%	144	132	136	139	134	114	113	124	136	120	122	128	138	129	136	142
Perc.99%	148	143	142	148	140	118	121	129	140	126	128	131	144	132	140	148
_Area_S(1,0)	2812	2812	2812	2812	2812	2812	2812	2812	2812	2812	2812	2812	2812	2812	2812	2812
S(1,0)AngScMom	0.10166144	0.10237167	0.09814623	0.098819275	0.11659136	0.15411117	0.14044337	0.20855928	0.12417216	0.10374406	0.1195691	0.088630772	0.16202609	0.10512911	0.11119992	0.14534033
S(1,0)Contrast	0.18634424	0.21479374	0.21337127	0.21266003	0.19772404	0.17567568	0.24395448	0.17709815	0.18918919	0.25462304	0.21550498	0.22119488	0.19772404	0.17780939	0.20910384	0.15789474
S(1,0)Correlat	0.97350319	0.97805163	0.97231152	0.97386684	0.96946596	0.94480555	0.93962091	0.92775384	0.95891717	0.95643576	0.95362814	0.9735773	0.93190771	0.97653229	0.96183851	0.96344161
S(1,0)SumOfSqs	3.5163529	4.8931601	3.8530698	4.068778	3.2377643	1.5914253	2.0201902	1.2256579	2.3025334	2.9223861	2.323661	4.1856981	1.4518827	3.7883846	2.739723	2.1594872
S(1,0)InvDfMom	0.90682788	0.89260313	0.89331437	0.89366999	0.90113798	0.91216216	0.87802276	0.91145092	0.90540541	0.87268848	0.89224751	0.88940256	0.90113798	0.91109531	0.89544808	0.92105263
S(1,0)SumAverg	67.125178	59.890469	63.59175	64.426031	62.485064	54.689189	53.922475	59.940967	64.732575	56.446657	57.539829	58.252489	66.344239	60.223329	63.662873	67.601707
S(1,0)SumVarnc	13.879067	19.357847	15.198908	16.062452	12.753333	6.1900254	7.8368064	4.7255336	9.0209446	11.434921	9.0791391	16.521598	5.6098068	14.975729	10.749788	8.480054
S(1,0)SumEntrp	1.0667029	1.1078229	1.1166548	1.1101335	1.0216473	0.88670924	0.98822499	0.83759003	0.98193316	1.0722635	1.0016151	1.1159446	0.89792644	1.0637191	1.0263151	0.92816979
S(1,0)Entropy	1.1227981	1.1724822	1.180886	1.1741505	1.0811681	0.93959288	1.0616626	0.89090189	1.0388848	1.1489127	1.0664885	1.1825309	0.95744731	1.1172451	1.0892616	0.97570084
S(1,0)DifVarnc	0.15162006	0.16865739	0.16784397	0.16743574	0.15862924	0.14481373	0.18444069	0.1457344	0.15339664	0.18979015	0.16906258	0.1722677	0.15862924	0.14619321	0.16537942	0.13296399
S(1,0)DifEntrp	0.20884285	0.22593699	0.22513358	0.22472991	0.2159447	0.20184816	0.24129205	0.20280016	0.21065243	0.24640015	0.22633674	0.22948821	0.2159447	0.2032739	0.22269184	0.18942289
_Area_S(0,1)	2812	2812	2812	2812	2812	2812	2812	2812	2812	2812	2812	2812	2812	2812	2812	2812
S(0,1)AngScMom	0.096506235	0.093576048	0.093781932	0.095623512	0.10755242	0.15190461	0.14593674	0.19731556	0.11437924	0.11030606	0.11237503	0.093851235	0.16030541	0.10645572	0.10956093	0.14050938
S(0,1)Contrast	0.21621622	0.27667141	0.23968706	0.22759602	0.23044097	0.18421053	0.22332859	0.20554765	0.22332859	0.21763869	0.24751067	0.18990043	0.18705548	0.19274538	0.21906117	0.17354196
S(0,1)Correlat	0.96892303	0.97027924	0.96927492	0.97279958	0.96502059	0.94142098	0.94598987	0.91726268	0.95259617	0.96320414	0.94594973	0.97758617	0.93777749	0.97364645	0.95971405	0.95996341
S(0,1)SumOfSqs	3.4787205	4.654515	3.9005121	4.183686	3.2939521	1.572325	2.0674694	1.2421702	2.3555965	2.9573804	2.289634	4.2362334	1.5031175	3.6569148	2.7188285	2.1672921
S(0,1)InvDfMom	0.89189189	0.8616643	0.88015647	0.88620199	0.88733997	0.90789474	0.8883357	0.89722617	0.8883357	0.89118065	0.87624467	0.90504979	0.90647226	0.90362731	0.89046942	0.91322902
S(0,1)SumAverg	67.135135	59.805832	63.592461	64.422475	62.485064	54.676387	53.943101	59.995021	64.776671	56.452347	57.520626	58.273826	66.329303	60.286629	63.678521	67.608819
S(0,1)SumVarnc	13.698666	18.341388	15.362361	16.507148	12.945367	6.1050896	8.0465491	4.7631331	9.1990575	11.611883	8.9110255	16.755033	5.8254145	14.434914	10.656253	8.4956263
S(0,1)SumEntrp	1.0805729	1.1271146	1.1318369	1.122195	1.0364462	0.88918746	0.98253362	0.85607603	1.007101	1.0602399	1.0155729	1.1017397	0.90049564	1.0646958	1.0316932	0.93868421
S(0,1)Entropy	1.1456604	1.210401	1.2039899	1.1907082	1.1091047	0.94464035	1.0497622	0.91795204	1.0743296	1.1257557	1.0900811	1.1589054	0.95680495	1.1227179	1.0976372	0.99092555
S(0,1)DifVarnc	0.16946676	0.20012434	0.18223717	0.17579607	0.1792865	0.15027701	0.17345293	0.16329782	0.17345293	0.17027209	0.18624914	0.15383825	0.15206573	0.1555946	0.17107337	0.14342515
S(0,1)DifEntrp	0.22673519	0.25613909	0.23917419	0.23293611	0.23626811	0.20747047	0.23064888	0.22062055	0.23064888	0.2275282	0.24302414	0.21110123	0.20929741	0.2128822	0.22831605	0.20040876
_Area_S(1,1)	2738	2738	2738	2738	2738	2738	2738	2738	2738	2738	2738	2738	2738	2738	2738	2738
S(1,1)AngScMom	0.080179878	0.084514351	0.081527414	0.081365475	0.095719898	0.13946214	0.12442101	0.18851129	0.10525536	0.085584963	0.092858084	0.078110152	0.1406488	0.093540256	0.09547819	0.12893236
S(1,1)Contrast	0.31117604	0.34258583	0.31994156	0.3265157	0.29583638	0.23447772	0.31482834	0.24981738	0.27319211	0.36011687	0.34623813	0.27757487	0.26807889	0.24616508	0.29145362	0.2147553
S(1,1)Correlat	0.95496425	0.96370911	0.95835781	0.960175	0.95391422	0.92444403	0.92078398	0.89738526	0.94115344	0.93924266	0.92484786	0.9665662	0.9074612	0.96651473	0.94508714	0.9494216
S(1,1)SumOfSqs	3.4547667	4.719997	3.8415558	4.0993806	3.2096278	1.5516822	1.9871507	1.2172588	2.3212243	2.9635668	2.3035812	4.1511114	1.4484675	3.6757222	2.6537828	2.1229942
S(1,1)InvDfMom	0.84616508	0.83046019	0.84265888	0.84287801	0.85558802	0.88276114	0.84346238	0.87596786	0.8642805	0.82432432	0.82688093	0.86121256	0.86596056	0.87691746	0.85427319	0.89262235
S(1,1)SumAverg	67.149744	59.806428	63.614317	64.395179	62.450694	54.658145	53.921841	59.959094	64.755296	56.420015	57.552958	58.242513	66.298758	60.225712	63.6355	67.558802
S(1,1)SumVarnc	13.507891	18.537402	15.046282	16.071007	12.542675	5.972251	7.6337743	4.6192179	9.011705	11.49415	8.8680866	16.326871	5.525791	14.456724	10.323678	8.2772216
S(1,1)SumEntrp	1.1156382	1.1451339	1.15749	1.1488474	1.0575496	0.91008781	1.0059433	0.86795406	1.0218269	1.105598	1.0480075	1.1417206	0.93178299	1.0946678	1.056182	0.95699488
S(1,1)Entropy	1.2118164	1.2509017	1.2562878	1.2545039	1.1505086	0.98067264	1.1019643	0.94442318	1.1053735	1.2198344	1.1522356	1.225279	1.0124828	1.1687709	1.1439182	1.0216427
S(1,1)DifVarnc	0.21615539	0.2272142	0.22036421	0.22647681	0.21174061	0.17949792	0.2166292	0.18813645	0.19935427	0.23564037	0.22635729	0.20052706	0.1962126	0.18556784	0.20650841	0.16863546
S(1,1)DifEntrp	0.27177278	0.28196493	0.27570218	0.28060514	0.2674468	0.23653001	0.27202029	0.2452448	0.2559309	0.28976707	0.28015761	0.25651528	0.25247218	0.24237224	0.26207418	0.22591534
_Area_S(1,-1)	2738	2738	2738	2738	2738	2738	2738	2738	2738	2738	2738	2738	2738	2738	2738	2738
S(1,-1)AngScMom	0.087899599	0.07962603	0.080011803	0.087035479	0.096928172	0.13258119	0.12672524	0.18844432	0.10277799	0.096749159	0.10756787	0.081831283	0.14070323	0.096294022	0.10204006	0.13411708
S(1,-1)Contrast	0.26442659	0.36961286	0.3228634	0.28414901	0.29583638	0.25639153	0.32505478	0.25054785	0.28122717	0.29291454	0.27903579	0.27976625	0.26223521	0.2403214	0.28122717	0.20598977
S(1,-1)Correlat	0.96179113	0.96081094	0.95781399	0.96530779	0.95403503	0.91735709	0.91828607	0.89681027	0.93942033	0.95058074	0.93952356	0.96632227	0.90932752	0.96732911	0.94699003	0.95159329
S(1,-1)SumOfSqs	3.4602774	4.7157661	3.8266643	4.095286	3.2180636	1.5512009	1.9889803	1.2140154	2.3211348	2.9635668	2.3069795	4.1535793	1.4460573	3.6779136	2.6525876	2.1276987
S(1,-1)InvDfMom	0.86778671	0.82395909	0.8385683	0.85792549	0.85295836	0.87355734	0.83747261	0.87735573	0.85938641	0.85354273	0.86311176	0.86099343	0.8688824	0.8798393	0.86113952	0.89700511
S(1,-1)SumAverg	67.154127	59.804237	63.612856	64.393718	62.452155	54.659606	53.913075	59.961286	64.754565	56.420015	57.548576	58.243243	66.300219	60.225712	63.636961	67.560263
S(1,-1)SumVarnc	13.576683	18.493452	14.983794	16.096995	12.576418	5.9484121	7.6308663	4.6055136	9.0033119	11.561353	8.9488822	16.334551	5.5219941	14.471333	10.329123	8.3048052
S(1,-1)SumEntrp	1.1015272	1.1508929	1.1576099	1.1391479	1.0612033	0.91806402	1.0094235	0.86673174	1.0256827	1.0898841	1.0252073	1.1378835	0.92729809	1.0905745	1.0498507	0.952678
S(1,-1)Entropy	1.1811275	1.2699132	1.2548015	1.2246853	1.1515113	0.99745331	1.1072747	0.94519036	1.1103405	1.1780602	1.1127065	1.2231136	1.0062387	1.1629184	1.1369475	1.0146871
S(1,-1)DifVarnc	0.19450517	0.24358526	0.21862263	0.20340835	0.20917947	0.19214464	0.21939417	0.1899506	0.20213845	0.20711561	0.2036015	0.20231239	0.1934679	0.18256703	0.20377332	0.16355799
S(1,-1)DifEntrp	0.25086424	0.29595188	0.27317514	0.25919969	0.26513369	0.24907321	0.27387525	0.24673384	0.25801809	0.26263556	0.25990067	0.25871653	0.24988519	0.23949174	0.26017146	0.22087988
_Area_S(2,0)	2736	2736	2736	2736	2736	2736	2736	2736	2736	2736	2736	2736	2736	2736	2736	2736
S(2,0)AngScMom	0.073413347	0.073768424	0.070925135	0.076949157	0.091553277	0.12119434	0.10286205	0.17054393	0.095499203	0.071842618	0.087201244	0.066772415	0.12686943	0.077222479	0.082554782	0.11463303
S(2,0)Contrast	0.35380117	0.42178363	0.40935673	0.43640351	0.35745614	0.31067251	0.45321637	0.30921053	0.32894737	0.51461988	0.43128655	0.41593567	0.36769006	0.33040936	0.38450292	0.27923977
S(2,0)Correlat	0.94932977	0.95749833	0.94612331	0.94525564	0.94366268	0.90147572	0.88387424	0.87236609	0.92786621	0.91210268	0.90772068	0.94929351	0.87073401	0.95677259	0.92791246	0.93465616
S(2,0)SumOfSqs	3.4912131	4.9619657	3.7990151	3.985831	3.1724632	1.5766292	1.9514033	1.2113181	2.2801198	2.9273922	2.3368536	4.101405	1.4222227	3.8217571	2.6669167	2.1366954
S(2,0)InvDfMom	0.82573099	0.79875731	0.79883041	0.81513158	0.83092105	0.84904971	0.77777778	0.84627193	0.83815789	0.76725146	0.80453216	0.80606725	0.83019006	0.83479532	0.81476608	0.86038012
S(2,0)SumAverg	67.143275	59.898392	63.614035	64.39693	62.451023	54.670322	53.899123	59.915936	64.714912	56.426901	57.570175	58.221491	66.319444	60.169591	63.622807	67.554094
S(2,0)SumVarnc	13.611051	19.426079	14.786704	15.50692	12.332397	5.9958443	7.3523969	4.5360618	8.791532	11.194949	8.916128	15.989684	5.3212009	14.956619	10.283164	8.2675417
S(2,0)SumEntrp	1.1293426	1.1621586	1.1683637	1.1451398	1.068433	0.93687464	1.0260736	0.88721141	1.033252	1.1135935	1.04991	1.157714	0.94107549	1.1300398	1.0743476	0.98676203
S(2,0)Entropy	1.2390361	1.2991008	1.294833	1.2989384	1.185481	1.0344359	1.1671987	0.98113315	1.1354932	1.2832	1.1944399	1.2927948	1.0633867	1.2295029	1.1974822	1.0708216
S(2,0)DifVarnc	0.23171018	0.25718971	0.2465374	0.29135835	0.24091975	0.21864366	0.25438383	0.21450136	0.22360726	0.29024315	0.27315242	0.26184499	0.24914878	0.22123901	0.24551785	0.20126492
S(2,0)DifEntrp	0.28620135	0.30894798	0.29990086	0.32424635	0.29289106	0.27375986	0.30732015	0.27006126	0.27871772	0.3353454	0.31850042	0.31127227	0.29820769	0.27554602	0.29850106	0.2572039
_Area_S(0,2)	2736	2736	2736	2736	2736	2736	2736	2736	2736	2736	2736	2736	2736	2736	2736	2736
S(0,2)AngScMom	0.07007124	0.066266383	0.06639917	0.067549363	0.0768666	0.11801094	0.11003867	0.15973237	0.080774052	0.079172598	0.077902977	0.073225522	0.12160953	0.078888322	0.079676225	0.10873805
S(0,2)Contrast	0.38961988	0.60672515	0.47660819	0.42909357	0.45760234	0.32821637	0.42397661	0.39327485	0.41812865	0.40935673	0.47880117	0.32309942	0.33845029	0.37573099	0.41593567	0.30847953
S(0,2)Correlat	0.94310704	0.93221351	0.93850895	0.94897402	0.93006761	0.89384175	0.89574987	0.84015943	0.91192629	0.93161597	0.89415171	0.96151202	0.88676451	0.94702953	0.9213625	0.92799582
S(0,2)SumOfSqs	3.4241485	4.4752659	3.8754275	4.2046579	3.2717481	1.5458826	2.0334585	1.2302097	2.3737427	2.9930727	2.2617332	4.1974064	1.4944533	3.5466084	2.6446395	2.1420945
S(0,2)InvDfMom	0.80782164	0.74663743	0.77573099	0.78896199	0.79576023	0.84115497	0.8002924	0.82090643	0.79532164	0.80321637	0.76937135	0.83845029	0.83165205	0.81652047	0.7999269	0.84576023
S(0,2)SumAverg	67.160088	59.725146	63.619883	64.388158	62.453216	54.652778	53.940058	60.01462	64.799708	56.423977	57.524123	58.26462	66.281433	60.292398	63.64693	67.568713
S(0,2)SumVarnc	13.306974	17.294338	15.025102	16.389538	12.62939	5.8553139	7.7098573	4.527564	9.076842	11.562934	8.5681315	16.466526	5.6393629	13.810702	10.162622	8.2598983
S(0,2)SumEntrp	1.1322205	1.155627	1.1773067	1.1758155	1.0834849	0.93866202	1.0276228	0.89426449	1.0615011	1.1166113	1.0582902	1.1554361	0.95946752	1.1222979	1.0806191	0.99542413
S(0,2)Entropy	1.2532705	1.3533943	1.3319165	1.3089367	1.2359027	1.0411679	1.16535	1.0265633	1.1925536	1.2482054	1.2123406	1.2526987	1.0623771	1.2384537	1.2141595	1.0882857
S(0,2)DifVarnc	0.24121471	0.33278616	0.27120311	0.24995672	0.28399123	0.22617162	0.26115728	0.26075331	0.24935664	0.25238321	0.2633369	0.21870618	0.22488918	0.23999692	0.25370573	0.21331991
S(0,2)DifEntrp	0.29490419	0.36232138	0.3215078	0.30306629	0.32659707	0.28063712	0.31166343	0.30739158	0.30256188	0.30485365	0.31568925	0.273251	0.27957004	0.2938316	0.30614509	0.26834131
_Area_S(2,2)	2592	2592	2592	2592	2592	2592	2592	2592	2592	2592	2592	2592	2592	2592	2592	2592
S(2,2)AngScMom	0.055230779	0.056974928	0.053444061	0.056571562	0.069558161	0.10636449	0.089757123	0.15335946	0.073251862	0.056136938	0.062193978	0.053908155	0.10172057	0.065690313	0.066393152	0.093141528
S(2,2)Contrast	0.64429012	0.81712963	0.7345679	0.73688272	0.5933642	0.41049383	0.65740741	0.4691358	0.5632716	0.89969136	0.78472222	0.56481481	0.5162037	0.50925926	0.59567901	0.40046296
S(2,2)Correlat	0.90443183	0.91136695	0.90300229	0.90877539	0.90460514	0.86365966	0.82598955	0.80324322	0.8784541	0.85027525	0.82820515	0.92994089	0.81649429	0.92902914	0.88102307	0.90326032
S(2,2)SumOfSqs	3.3708406	4.6096213	3.786522	4.0388373	3.1100429	1.5054012	1.8889883	1.1921719	2.3171147	3.0044844	2.2838933	4.0309874	1.4065059	3.5878052	2.5033383	2.0697968
S(2,2)InvDfMom	0.72415123	0.69143519	0.70864198	0.72044753	0.75516975	0.80308642	0.72592593	0.79320988	0.75725309	0.68904321	0.68449074	0.74722222	0.76597222	0.77037037	0.73179012	0.80069444
S(2,2)SumAverg	67.1875	59.736883	63.66821	64.334105	62.380401	54.611111	53.905864	59.945988	64.757716	56.373457	57.593364	58.199074	66.219907	60.177469	63.560185	67.469907
S(2,2)SumVarnc	12.839072	17.621356	14.41152	15.418466	11.846807	5.6111111	6.8985459	4.2995518	8.7051874	11.118246	8.350851	15.559135	5.1098197	13.841961	9.417674	7.8787241
S(2,2)SumEntrp	1.1346303	1.1584424	1.177422	1.1652037	1.0774187	0.94226534	1.011949	0.88743888	1.0506569	1.114955	1.0528206	1.1709293	0.95831225	1.1357938	1.0729276	1.002095
S(2,2)Entropy	1.3445579	1.4082639	1.4091859	1.4015698	1.2723152	1.0706659	1.2243943	1.0442135	1.2409541	1.3968932	1.301122	1.3567225	1.1266174	1.3035909	1.2687128	1.1240805
S(2,2)DifVarnc	0.32265411	0.39402756	0.36487388	0.39027432	0.33637153	0.25319835	0.336646	0.29034255	0.31481243	0.45318692	0.35355165	0.29914457	0.2895513	0.29061643	0.29723937	0.24132599
S(2,2)DifEntrp	0.35956341	0.40057204	0.38467507	0.39283938	0.36249556	0.30550262	0.3677193	0.33062611	0.35112221	0.42396402	0.38167735	0.3434614	0.33508185	0.33513245	0.34380088	0.29438393
_Area_S(2,-2)	2592	2592	2592	2592	2592	2592	2592	2592	2592	2592	2592	2592	2592	2592	2592	2592
S(2,-2)AngScMom	0.060304558	0.053496454	0.056048525	0.060916007	0.067227866	0.096286294	0.092558656	0.14998994	0.07071795	0.067731851	0.07453281	0.060516213	0.10563962	0.06819654	0.073527818	0.10060425
S(2,-2)Contrast	0.50771605	0.88888889	0.68209877	0.56790123	0.64737654	0.47067901	0.66743827	0.53780864	0.54398148	0.57253086	0.6257716	0.54783951	0.52469136	0.47453704	0.60416667	0.38580247
S(2,-2)Correlat	0.92505942	0.90321405	0.90859584	0.92939805	0.89710777	0.84366392	0.82419558	0.7729388	0.8824161	0.90470526	0.86387753	0.93207764	0.81254586	0.93400415	0.87900945	0.90760597
S(2,-2)SumOfSqs	3.3874576	4.5920347	3.7312237	4.0218526	3.1458963	1.5053435	1.8982409	1.1842813	2.3131631	3.0040003	2.298561	4.0328361	1.3995193	3.5952038	2.4967515	2.0878105
S(2,-2)InvDfMom	0.76003086	0.68796296	0.71450617	0.74290123	0.73649691	0.77854938	0.71165123	0.78850309	0.7474537	0.74614198	0.75378086	0.75385802	0.77839506	0.77847222	0.75162037	0.8154321
S(2,-2)SumAverg	67.20679	59.723765	63.665123	64.32716	62.386574	54.618827	53.871142	59.954475	64.756944	56.371914	57.574846	58.203704	66.223765	60.176698	63.56713	67.475309
S(2,-2)SumVarnc	13.042114	17.47925	14.242796	15.519509	11.936209	5.5506949	6.9255252	4.1993164	8.7086709	11.44347	8.5684722	15.583505	5.0733858	13.906278	9.3828393	7.9654397
S(2,-2)SumEntrp	1.1392374	1.1584226	1.1716613	1.1627439	1.0813801	0.94920508	1.0144236	0.88377351	1.0544475	1.120951	1.0541052	1.1656723	0.94301128	1.1348448	1.0658426	1.0011333
S(2,-2)Entropy	1.304189	1.4322427	1.3915928	1.3516464	1.2944463	1.0991132	1.2249639	1.0684465	1.2342042	1.3064474	1.2660564	1.3405286	1.1244524	1.2875164	1.2714425	1.124397
S(2,-2)DifVarnc	0.27291	0.44238445	0.33458124	0.29421725	0.34809325	0.27039514	0.31718619	0.34233003	0.28227345	0.30366941	0.36089618	0.29629391	0.31603414	0.27356193	0.33929124	0.24748276
S(2,-2)DifEntrp	0.32401085	0.41814276	0.36814048	0.34073196	0.37161759	0.31947008	0.35841984	0.35511176	0.3319998	0.34639747	0.3730218	0.34087638	0.34716109	0.32292999	0.36442396	0.29993016
_Area_S(3,0)	2660	2660	2660	2660	2660	2660	2660	2660	2660	2660	2660	2660	2660	2660	2660	2660
S(3,0)AngScMom	0.058147719	0.059471423	0.057097914	0.06284414	0.077638645	0.1008641	0.084913223	0.14410594	0.07671519	0.056212335	0.068748375	0.052736446	0.1064232	0.059996608	0.066757872	0.093927582
S(3,0)Contrast	0.56541353	0.70601504	0.7	0.73233083	0.5593985	0.43834586	0.73533835	0.47518797	0.51804511	0.89097744	0.72932331	0.7	0.57067669	0.49323308	0.60977444	0.40150376
S(3,0)Correlat	0.91840086	0.92986944	0.906671	0.90657258	0.91044308	0.8601587	0.80552218	0.80314099	0.8856759	0.8467415	0.84447149	0.91279253	0.79752163	0.93599135	0.88319736	0.90520493
S(3,0)SumOfSqs	3.4645802	5.0335761	3.750174	3.9192498	3.1231449	1.5672976	1.8905455	1.2069246	2.2656864	2.9067798	2.3446611	4.0134178	1.4092288	3.8528628	2.6102769	2.1177461
S(3,0)InvDfMom	0.7524812	0.7218797	0.71676692	0.74661654	0.77082707	0.79526316	0.69368421	0.78586466	0.76804511	0.67902256	0.72736842	0.72488722	0.77421053	0.75879699	0.74744361	0.80195489
S(3,0)SumAverg	67.160902	59.907519	63.641353	64.365414	62.425564	54.648872	53.882707	59.893233	64.693985	56.415789	57.598496	58.187218	66.301504	60.118797	63.590226	67.508271
S(3,0)SumVarnc	13.292907	19.428289	14.300696	14.944668	11.933181	5.8308446	6.8268438	4.3525106	8.5447007	10.736142	8.649321	15.353671	5.0662383	14.918218	9.831333	8.0694805
S(3,0)SumEntrp	1.1412515	1.1642332	1.1698607	1.1496393	1.0772712	0.95179469	1.0106378	0.89972158	1.0445814	1.1091039	1.0582279	1.1671453	0.94358548	1.1469773	1.0784754	1.0108047
S(3,0)Entropy	1.3305834	1.397237	1.3918341	1.3884519	1.2656399	1.0944529	1.2494897	1.0561081	1.219213	1.3834282	1.2926688	1.3865398	1.1409749	1.3006881	1.2861658	1.1344982
S(3,0)DifVarnc	0.30860083	0.3682181	0.35340664	0.43600204	0.33359489	0.26671321	0.33454463	0.28501329	0.29438012	0.42386172	0.3976166	0.3691588	0.34843179	0.25877325	0.33670925	0.24390073
S(3,0)DifEntrp	0.34845485	0.38352517	0.3775401	0.40141387	0.3571161	0.31616018	0.37037171	0.3292105	0.33776433	0.41528284	0.39363454	0.38360059	0.36254631	0.31176479	0.36425875	0.29736965
_Area_S(0,3)	2660	2660	2660	2660	2660	2660	2660	2660	2660	2660	2660	2660	2660	2660	2660	2660
S(0,3)AngScMom	0.056773136	0.052004353	0.0517884	0.054682006	0.061727627	0.096543897	0.090296229	0.13491435	0.06415145	0.061340381	0.061636045	0.058963197	0.097925547	0.062845554	0.063015716	0.088685906
S(0,3)Contrast	0.61428571	1.0864662	0.83233083	0.69097744	0.77067669	0.47443609	0.68796992	0.63458647	0.66992481	0.68345865	0.79473684	0.48345865	0.49548872	0.59097744	0.68421053	0.44736842
S(0,3)Correlat	0.9086787	0.87361264	0.89203999	0.91805112	0.88156352	0.84490864	0.82791387	0.74071727	0.85928759	0.88742971	0.82200488	0.94178241	0.83355317	0.91377655	0.86712429	0.89427642
S(0,3)SumOfSqs	3.3633211	4.2981597	3.8548108	4.2159052	3.2535444	1.5295374	1.9989116	1.2237345	2.3804753	3.0356972	2.2324681	4.1521696	1.4884294	3.4270111	2.574626	2.1157458
S(0,3)InvDfMom	0.73706767	0.65165414	0.6893985	0.70233083	0.71932331	0.78263158	0.72548872	0.75218045	0.7137594	0.72233083	0.67390977	0.77180451	0.76308271	0.73428571	0.71112782	0.78172932
S(0,3)SumAverg	67.184211	59.653383	63.654887	64.352632	62.429323	54.635338	53.946617	60.03609	64.814286	56.391729	57.52406	58.257895	66.238346	60.300752	63.621053	67.53609
S(0,3)SumVarnc	12.838999	16.106173	14.586912	16.172643	12.243501	5.6437136	7.3076765	4.2603516	8.8519764	11.45933	8.1351354	16.12522	5.4582288	13.117067	9.6142936	8.0156148
S(0,3)SumEntrp	1.1353066	1.1526618	1.1783655	1.1686796	1.0862876	0.95279187	1.0271951	0.89706694	1.061457	1.1237313	1.0470422	1.1699948	0.97361355	1.1257924	1.0779733	1.0114112
S(0,3)Entropy	1.3398665	1.4521062	1.4392227	1.3957525	1.3271989	1.107751	1.2519272	1.1050528	1.2813701	1.352902	1.3041631	1.3274139	1.1315318	1.3120139	1.3045579	1.1517365
S(0,3)DifVarnc	0.32203573	0.50634914	0.40148171	0.31731641	0.41517384	0.27964328	0.36057946	0.36543615	0.32333145	0.3508853	0.33784216	0.27102776	0.26753632	0.29791396	0.32960371	0.25522132
S(0,3)DifEntrp	0.35826631	0.4501379	0.40404169	0.3593593	0.39659781	0.32646021	0.37944147	0.37590637	0.36187204	0.3754389	0.37399553	0.3217101	0.31952015	0.34401821	0.36576614	0.30811123
_Area_S(3,3)	2450	2450	2450	2450	2450	2450	2450	2450	2450	2450	2450	2450	2450	2450	2450	2450
S(3,3)AngScMom	0.046102791	0.044931945	0.043761766	0.045884548	0.0562409	0.090893794	0.076421158	0.13501908	0.059412245	0.043711787	0.049587339	0.043321283	0.083389921	0.053247813	0.053662641	0.078691212
S(3,3)Contrast	1.0955102	1.4734694	1.3289796	1.3322449	1.0261224	0.5755102	1.0767347	0.76897959	0.97714286	1.6555102	1.4253061	0.95918367	0.83836735	0.90122449	1.0473469	0.60489796
S(3,3)Correlat	0.83308119	0.83617656	0.82311423	0.8328042	0.83042547	0.80488406	0.70038572	0.67552151	0.78856355	0.72634238	0.68350132	0.87717453	0.69681144	0.87049478	0.77946296	0.84997696
S(3,3)SumOfSqs	3.281566	4.4971264	3.7566041	3.984086	3.0255795	1.4747903	1.7968681	1.1849469	2.3107247	3.0247837	2.2516778	3.9046612	1.3825841	3.4794909	2.3745374	2.0160168
S(3,3)InvDfMom	0.62661224	0.58555102	0.60293878	0.62815846	0.67306122	0.7475102	0.64285714	0.73110204	0.67110204	0.586497	0.57436735	0.64481633	0.68563265	0.68359184	0.63502041	0.72595918
S(3,3)SumAverg	67.216327	59.679184	63.737143	64.27102	62.324082	54.562449	53.912653	59.931429	64.746939	56.331429	57.63102	58.154286	66.149388	60.13551	63.496327	67.390204
S(3,3)SumVarnc	12.030754	16.515036	13.697437	14.604099	11.076196	5.3236511	6.1107379	3.9708082	8.2657559	10.443624	7.5814051	14.659461	4.691969	13.016739	8.4508028	7.4591693
S(3,3)SumEntrp	1.108461	1.1495017	1.1572705	1.1509821	1.0700935	0.93698609	0.98042212	0.8762397	1.0358679	1.0993535	1.0339179	1.1541963	0.94328884	1.1240401	1.0558363	0.99011807
S(3,3)Entropy	1.428016	1.5008126	1.5020477	1.4958906	1.3670214	1.1279363	1.2883959	1.1174992	1.3353193	1.5005569	1.3939161	1.4483359	1.2105612	1.4007978	1.3645018	1.189068
S(3,3)DifVarnc	0.44764948	0.59676202	0.54882199	0.6252728	0.51358334	0.30849546	0.47658409	0.43682732	0.47159284	0.72448213	0.52861308	0.3939252	0.39790487	0.4421491	0.43448163	0.29403482
S(3,3)DifEntrp	0.42760894	0.48883507	0.46941372	0.47622921	0.44626066	0.34910449	0.44096198	0.40777992	0.43428923	0.52184058	0.46865872	0.40634229	0.40312067	0.42049492	0.42523488	0.34211668
_Area_S(3,-3)	2450	2450	2450	2450	2450	2450	2450	2450	2450	2450	2450	2450	2450	2450	2450	2450
S(3,-3)AngScMom	0.048436818	0.043546189	0.044617743	0.050590254	0.054644232	0.08008763	0.077569679	0.13102207	0.057368097	0.053376093	0.05878484	0.048644398	0.088666056	0.053141524	0.059674136	0.083949354
S(3,-3)Contrast	0.82693878	1.6497959	1.2212245	0.95673469	1.1273469	0.73469388	1.1126531	0.90367347	0.8955102	1.0081633	1.0742857	0.92653061	0.81795918	0.81877551	1.0481633	0.62857143
S(3,-3)Correlat	0.87484019	0.81514983	0.8320903	0.87883519	0.81784319	0.75088247	0.69335204	0.61315067	0.8051259	0.83310856	0.76526492	0.88133213	0.70148706	0.88294581	0.77773984	0.84676311
S(3,-3)SumOfSqs	3.3035317	4.4625221	3.6365514	3.9480716	3.0944408	1.4745929	1.8142189	1.1679915	2.2976635	3.0204163	2.2882939	3.9038815	1.3700565	3.4974209	2.3579648	2.0509794
S(3,-3)InvDfMom	0.67371429	0.59534694	0.61371429	0.65681633	0.64889796	0.7002449	0.63077551	0.71959184	0.66097959	0.65461224	0.66430732	0.66212245	0.7115102	0.68759184	0.66889796	0.75134694
S(3,-3)SumAverg	67.26449	59.648163	63.730612	64.253061	62.337143	54.58449	53.837551	59.951837	64.746939	56.325714	57.588571	58.164082	66.158367	60.129796	63.513469	67.399184
S(3,-3)SumVarnc	12.387188	16.200293	13.324981	14.835552	11.250416	5.1636778	6.1442226	3.7682925	8.2951437	11.073502	8.0788898	14.688996	4.6622667	13.170908	8.3836961	7.5753463
S(3,-3)SumEntrp	1.1286111	1.1389207	1.1593631	1.1415485	1.0735591	0.9354435	0.99594478	0.87035225	1.0396568	1.1144406	1.0434433	1.1621025	0.93175232	1.1322604	1.0552972	0.99970974
S(3,-3)Entropy	1.3955967	1.529803	1.4878329	1.4383577	1.3910658	1.1730589	1.2984506	1.1403302	1.322352	1.4106053	1.3602621	1.4298402	1.1964387	1.3857285	1.3606279	1.2094439
S(3,-3)DifVarnc	0.3623157	0.75464823	0.50322766	0.42174694	0.52972328	0.3477591	0.47134627	0.52179992	0.38530612	0.45511304	0.52970196	0.41165115	0.43709388	0.38693878	0.52031653	0.35901974
S(3,-3)DifEntrp	0.38770148	0.5175272	0.45464228	0.41749203	0.4576503	0.3754483	0.44113435	0.43398753	0.4005896	0.43131877	0.44816918	0.41242313	0.40852731	0.39803645	0.44886389	0.37304287
_Area_S(4,0)	2584	2584	2584	2584	2584	2584	2584	2584	2584	2584	2584	2584	2584	2584	2584	2584
S(4,0)AngScMom	0.048815825	0.050397361	0.047310971	0.052740909	0.068643127	0.086340747	0.074949499	0.12751338	0.06571489	0.04813918	0.057736224	0.044513929	0.091660157	0.05200825	0.057419617	0.08209067
S(4,0)Contrast	0.85603715	1.0425697	1.0735294	1.1393189	0.80727554	0.59597523	1.0859133	0.66873065	0.75077399	1.3436533	1.1099071	1.0619195	0.81733746	0.68111455	0.89473684	0.53018576
S(4,0)Correlat	0.87572013	0.89797567	0.85565782	0.85239326	0.86875806	0.80873552	0.70560363	0.72310701	0.83383963	0.76572156	0.76312551	0.86446063	0.70992206	0.91238664	0.82667057	0.87357124
S(4,0)SumOfSqs	3.4439897	5.1094169	3.7186962	3.8593051	3.0755242	1.5579872	1.8443049	1.2075615	2.2591849	2.8676417	2.342817	3.9173839	1.4088239	3.8870472	2.5810297	2.0967766
S(4,0)InvDfMom	0.68993808	0.65611455	0.64434985	0.67985795	0.71896285	0.74009288	0.6251548	0.73436533	0.70913313	0.60681115	0.66320342	0.65851393	0.7250774	0.68823529	0.69195046	0.74698142
S(4,0)SumAverg	67.170279	59.918731	63.666409	64.332817	62.397059	54.622291	53.867647	59.877709	64.674923	56.416409	57.622291	58.154799	66.27709	60.077399	63.557276	67.462074
S(4,0)SumVarnc	12.919922	19.395098	13.801256	14.297901	11.494821	5.6359737	6.2913062	4.1615155	8.2859656	10.126913	8.2613607	14.607616	4.8179581	14.867074	9.4293821	7.8569208
S(4,0)SumEntrp	1.1356059	1.1625427	1.1695823	1.1459053	1.0729799	0.94790683	0.99169304	0.8967528	1.0385049	1.0923186	1.0542705	1.1628336	0.94178383	1.1388489	1.0685445	1.0088006
S(4,0)Entropy	1.4086998	1.4651455	1.4605851	1.4643882	1.3280994	1.1460213	1.3072346	1.114469	1.2838718	1.450043	1.3671383	1.4597948	1.2048107	1.3517207	1.3516013	1.1793866
S(4,0)DifVarnc	0.42117244	0.48470404	0.478052	0.6167197	0.44373748	0.31241074	0.43671642	0.36161566	0.3787873	0.57056044	0.5531971	0.50520948	0.46399371	0.28026484	0.45577931	0.2700226
S(4,0)DifEntrp	0.41213498	0.44139982	0.4403886	0.46649422	0.41372636	0.35238592	0.42772616	0.37858034	0.39104891	0.47754447	0.45627941	0.44822716	0.4162129	0.33451574	0.4245522	0.32242349
_Area_S(0,4)	2584	2584	2584	2584	2584	2584	2584	2584	2584	2584	2584	2584	2584	2584	2584	2584
S(0,4)AngScMom	0.047780938	0.043895393	0.043806732	0.047731216	0.053143481	0.083606308	0.077767507	0.11848246	0.054875981	0.05104615	0.052432389	0.049752166	0.084747529	0.054441958	0.053591882	0.079237916
S(0,4)Contrast	0.89783282	1.7306502	1.2732198	1.0201238	1.1648607	0.62770898	0.97755418	0.90789474	0.99071207	1.0356037	1.1873065	0.70975232	0.68034056	0.875387	1.0278638	0.60913313
S(0,4)Correlat	0.86398075	0.79028297	0.83337101	0.8786325	0.8199924	0.7930578	0.75018063	0.62728272	0.79110662	0.83195095	0.73028212	0.9136829	0.77136986	0.8676789	0.79582296	0.85371569
S(0,4)SumOfSqs	3.3003887	4.1261556	3.8205231	4.2026234	3.2355875	1.5166287	1.956522	1.2179402	2.3713343	3.0812544	2.2010155	4.1113076	1.4878628	3.3078134	2.5170896	2.082018
S(0,4)InvDfMom	0.67739938	0.57830996	0.62066563	0.62925697	0.6544664	0.72886997	0.66540248	0.69465944	0.65417957	0.65495356	0.59674923	0.71385449	0.70441176	0.65797214	0.63653251	0.72979876
S(0,4)SumAverg	67.20743	59.583591	63.70356	64.315789	62.401703	54.624613	53.954334	60.053406	64.821981	56.360681	57.510836	58.246904	66.202012	60.308824	63.599071	67.510062
S(0,4)SumVarnc	12.303722	14.773972	14.008873	15.79037	11.777489	5.438806	6.8485338	3.9638661	8.4946252	11.289414	7.6167556	15.735478	5.2711105	12.355866	9.0404945	7.718939
S(0,4)SumEntrp	1.1268954	1.1368374	1.166696	1.1551623	1.0770387	0.94858527	1.0168436	0.88713135	1.0509719	1.120721	1.0339907	1.1674328	0.96516215	1.1094586	1.0681461	1.0034758
S(0,4)Entropy	1.4084843	1.5198503	1.514192	1.4603437	1.3968041	1.1530277	1.309485	1.1582522	1.3516626	1.4332407	1.3689887	1.4027209	1.1872469	1.3693033	1.3758963	1.201575
S(0,4)DifVarnc	0.42544259	0.74913974	0.56016244	0.39929694	0.57415184	0.31801501	0.45830677	0.47200862	0.44091049	0.4765813	0.43046037	0.35548781	0.31305953	0.3628108	0.42399525	0.30458633
S(0,4)DifEntrp	0.4146405	0.52899752	0.47273604	0.40916177	0.45911903	0.35688591	0.43096372	0.42771032	0.42541538	0.43896518	0.4272118	0.37899494	0.35626095	0.38897436	0.42092023	0.34878555
_Area_S(4,4)	2312	2312	2312	2312	2312	2312	2312	2312	2312	2312	2312	2312	2312	2312	2312	2312
S(4,4)AngScMom	0.038083237	0.038790394	0.038036467	0.039351256	0.048067253	0.082133909	0.071875636	0.12700062	0.052340878	0.037710202	0.043799987	0.037876328	0.072479526	0.045493424	0.04725346	0.070628195
S(4,4)Contrast	1.7050173	2.3261246	2.0726644	2.1115917	1.5891003	0.76730104	1.5882353	1.0916955	1.4731834	2.5475779	2.1652249	1.4403114	1.2067474	1.4048443	1.5553633	0.85553633
S(4,4)Correlat	0.73289663	0.73511036	0.72343062	0.7311389	0.72948884	0.73577187	0.53863571	0.53871673	0.68031282	0.57914818	0.50845827	0.80972421	0.56155876	0.791527	0.65925879	0.78050237
S(4,4)SumOfSqs	3.1916806	4.3907429	3.7470965	3.9269194	2.9372177	1.451967	1.7212378	1.1833244	2.3041015	3.0266922	2.2024833	3.7847994	1.3761792	3.3693674	2.2823235	1.948851
S(4,4)InvDfMom	0.56198351	0.51149501	0.51738245	0.55390839	0.59582231	0.70458478	0.58373702	0.69186851	0.60352636	0.51361185	0.49625992	0.57257785	0.62591594	0.60588235	0.55761246	0.66877163
S(4,4)SumAverg	67.230969	59.628893	63.820069	64.211938	62.25692	54.509516	53.934256	59.915225	64.727509	56.303633	57.654844	58.106401	66.07526	60.102076	63.430796	67.317474
S(4,4)SumVarnc	11.061705	15.236847	12.915722	13.596086	10.15977	5.0405669	5.2967158	3.6416021	7.7432225	9.559191	6.6447084	13.698886	4.2979692	12.072625	7.5739305	6.9398677
S(4,4)SumEntrp	1.1033413	1.1316159	1.137868	1.1362603	1.0519995	0.92121031	0.93985505	0.8541615	1.0120009	1.0792219	1.0083844	1.1445599	0.92299774	1.1077356	1.032395	0.97537254
S(4,4)Entropy	1.5091059	1.5627023	1.5601979	1.5688752	1.4328985	1.1740483	1.3280613	1.1578918	1.3925463	1.5637749	1.4419202	1.5149368	1.2648103	1.4683239	1.4217533	1.2399306
S(4,4)DifVarnc	0.67889737	0.88653976	0.75294836	0.92921765	0.71141015	0.38260063	0.66955616	0.60797285	0.65287398	1.0322935	0.72564011	0.53320348	0.52712117	0.61095712	0.56227176	0.37301622
S(4,4)DifEntrp	0.51373656	0.56786251	0.53356798	0.55206197	0.5111256	0.39348673	0.50903699	0.46529299	0.49861501	0.59492508	0.53434671	0.46976715	0.46134648	0.48879451	0.48184311	0.393167
_Area_S(4,-4)	2312	2312	2312	2312	2312	2312	2312	2312	2312	2312	2312	2312	2312	2312	2312	2312
S(4,-4)AngScMom	0.041635113	0.038907505	0.039234519	0.045377061	0.047374313	0.070133185	0.071126947	0.12061712	0.04983814	0.046068878	0.051647565	0.041736135	0.080951572	0.046009387	0.052934666	0.074309904
S(4,-4)Contrast	1.2076125	2.5899654	1.8365052	1.3754325	1.7413495	1.0605536	1.5467128	1.3122837	1.2958478	1.4896194	1.5484429	1.3062284	1.1461938	1.2396194	1.6280277	0.91695502
S(4,-4)Correlat	0.8126211	0.70092097	0.7401429	0.82133595	0.71423229	0.6335626	0.55334832	0.43257782	0.71425488	0.75298263	0.6584619	0.82669137	0.57751842	0.81750829	0.64041941	0.77166104
S(4,-4)SumOfSqs	3.2223812	4.3299013	3.533683	3.8492146	3.0467919	1.4471143	1.731453	1.1563557	2.2674889	3.0152117	2.266867	3.7685036	1.3565015	3.3963717	2.263787	2.0078813
S(4,-4)InvDfMom	0.60588235	0.53729431	0.54472318	0.59567474	0.58143192	0.63153877	0.57854671	0.66559638	0.60017301	0.57998168	0.60356746	0.60432526	0.66400875	0.61583045	0.60255445	0.69723183
S(4,-4)SumAverg	67.321799	59.569204	63.808824	64.16955	62.284602	54.555363	53.801038	59.948962	64.731834	56.290657	57.577855	58.126298	66.09083	60.0891	63.467128	67.33218
S(4,-4)SumVarnc	11.681912	14.72964	12.298227	14.021426	10.445818	4.7279038	5.3790993	3.3131391	7.7741077	10.571228	7.5190252	13.767786	4.2798121	12.345867	7.4271201	7.11457
S(4,-4)SumEntrp	1.1153139	1.111625	1.1337505	1.1217951	1.0619354	0.91886034	0.96791627	0.84597825	1.0243178	1.0991949	1.0212936	1.1551118	0.90994566	1.110462	1.0309257	0.98728345
S(4,-4)Entropy	1.4587853	1.5863747	1.5417878	1.4913449	1.4569122	1.2221313	1.3258233	1.1795891	1.3771792	1.4706727	1.4111701	1.4858521	1.2354231	1.4434637	1.4202936	1.2635251
S(4,-4)DifVarnc	0.47122281	1.1854534	0.70253813	0.55981729	0.76713267	0.43541445	0.62471414	0.71286488	0.51730104	0.59073167	0.71080626	0.53681409	0.58369377	0.5224038	0.75842303	0.48472839
S(4,-4)DifEntrp	0.4438693	0.59968215	0.52338185	0.47657807	0.53007568	0.42508219	0.49814612	0.4933537	0.46141977	0.4884609	0.50428599	0.46778446	0.4558585	0.46143201	0.51661145	0.43178154
_Area_S(5,0)	2508	2508	2508	2508	2508	2508	2508	2508	2508	2508	2508	2508	2508	2508	2508	2508
S(5,0)AngScMom	0.042148379	0.045146123	0.041618654	0.047376624	0.061293812	0.078792521	0.068708681	0.11732281	0.057671273	0.043899076	0.050100921	0.039334099	0.083330472	0.047039903	0.051257666	0.075769976
S(5,0)Contrast	1.2192982	1.4202552	1.4856459	1.6467305	1.1244019	0.75518341	1.4888357	0.87878788	1.015949	1.8444976	1.569378	1.4904306	1.0901116	0.92583732	1.2145136	0.68022329
S(5,0)Correlat	0.82236475	0.86293941	0.79972759	0.7833688	0.81456225	0.75721114	0.58819027	0.63603849	0.77643793	0.66998984	0.66511746	0.80507184	0.61366997	0.88215344	0.76283214	0.83654073
S(5,0)SumOfSqs	3.4320279	5.1811217	3.7090629	3.8007694	3.0317504	1.5552266	1.8076743	1.2072539	2.2721855	2.7946073	2.3431768	3.8230255	1.4108554	3.9281475	2.5604514	2.0807119
S(5,0)InvDfMom	0.63341308	0.60374801	0.58827751	0.62752134	0.66937799	0.70470494	0.57232855	0.69457735	0.66044657	0.55171686	0.61148325	0.59235857	0.68736748	0.62990431	0.64621916	0.69433812
S(5,0)SumAverg	67.176236	59.933812	63.699362	64.300638	62.366826	54.595694	53.854067	59.872408	64.660287	56.426635	57.644338	58.11882	66.254386	60.04386	63.531898	67.412281
S(5,0)SumVarnc	12.508813	19.304232	13.350606	13.556347	11.0026	5.4657231	5.7418615	3.9502275	8.0727929	9.3339317	7.8033292	13.801671	4.5533101	14.786753	9.0272919	7.6426243
S(5,0)SumEntrp	1.1251006	1.1567157	1.1607064	1.1327492	1.0680148	0.94187007	0.9730659	0.88706846	1.0305587	1.0751323	1.0462604	1.1517321	0.93092606	1.1356007	1.0637209	0.99288171
S(5,0)Entropy	1.4702225	1.5135124	1.5094425	1.5215215	1.3837499	1.1894236	1.3519692	1.1554596	1.3337833	1.4956044	1.4281224	1.5126816	1.2515352	1.4060753	1.4076363	1.2147841
S(5,0)DifVarnc	0.55638544	0.61541441	0.61364145	0.85329561	0.57911271	0.37323181	0.56545879	0.44910449	0.47536051	0.73478489	0.74872116	0.63030011	0.59653256	0.33119218	0.58746175	0.2923347
S(5,0)DifEntrp	0.46889207	0.49150849	0.49353495	0.52352221	0.46569887	0.38919274	0.48113645	0.42165848	0.43802713	0.52766101	0.51382601	0.49726085	0.46233702	0.37288861	0.47361334	0.34323021
_Area_S(0,5)	2508	2508	2508	2508	2508	2508	2508	2508	2508	2508	2508	2508	2508	2508	2508	2508
S(0,5)AngScMom	0.041953468	0.039271778	0.038549051	0.043429447	0.047091413	0.075819896	0.071060644	0.10966502	0.048536231	0.044270138	0.047902851	0.043547729	0.076227523	0.04835849	0.04774546	0.072099743
S(0,5)Contrast	1.2017544	2.460925	1.7791069	1.3859649	1.6435407	0.79984051	1.2719298	1.1913876	1.3429027	1.4433812	1.6148325	0.94178628	0.90350877	1.2145136	1.4338118	0.82695375
S(0,5)Correlat	0.8141435	0.69193344	0.76444761	0.83375208	0.74442797	0.73347223	0.66507518	0.50934547	0.71473821	0.76937779	0.62967352	0.88441234	0.69844954	0.80993271	0.70971901	0.79864656
S(0,5)SumOfSqs	3.2330169	3.9941451	3.7764568	4.1683678	3.2154158	1.5004825	1.8988289	1.2140799	2.3538075	3.1293195	2.1802823	4.073905	1.4981054	3.1949568	2.4696963	2.053488
S(0,5)InvDfMom	0.62304625	0.51949526	0.56836945	0.57304625	0.59924766	0.68333333	0.62240829	0.65277231	0.5984051	0.59888357	0.53995215	0.66594896	0.65829346	0.59370016	0.57496013	0.68317384
S(0,5)SumAverg	67.220893	59.526316	63.761563	64.275917	62.367624	54.613238	53.96571	60.070175	64.822967	56.333333	57.487241	58.238437	66.168262	60.324561	63.577352	67.487241
S(0,5)SumVarnc	11.730313	13.515655	13.32672	15.287506	11.218122	5.2020895	6.3233856	3.6649319	8.0723274	11.073897	7.1062965	15.353834	5.0889129	11.565314	8.4449735	7.3869983
S(0,5)SumEntrp	1.1153157	1.1181135	1.1521774	1.1424547	1.0683633	0.9383588	1.0029062	0.87309877	1.0391035	1.1157559	1.0166359	1.1640309	0.95500165	1.1039137	1.0550037	0.99379896
S(0,5)Entropy	1.4560014	1.5626353	1.5688475	1.5062848	1.4524498	1.1930536	1.3469562	1.1924119	1.3979226	1.4908084	1.4132452	1.4551188	1.2391405	1.4173875	1.42742	1.2507888
S(0,5)DifVarnc	0.51526153	1.0071122	0.74857426	0.49750082	0.76556868	0.36280776	0.56413098	0.58810212	0.54520018	0.6169349	0.54177446	0.4323956	0.38497096	0.44084321	0.53630488	0.38357193
S(0,5)DifEntrp	0.45645888	0.58903921	0.53049112	0.45722415	0.51663663	0.38681165	0.47330075	0.47213698	0.47149633	0.49186505	0.47567069	0.42001325	0.40033653	0.43116949	0.47067099	0.39650587
_Area_S(5,5)	2178	2178	2178	2178	2178	2178	2178	2178	2178	2178	2178	2178	2178	2178	2178	2178
S(5,5)AngScMom	0.033878732	0.035684923	0.034189461	0.035201333	0.044003353	0.077286345	0.073238015	0.12201487	0.048358617	0.035140199	0.040635084	0.034153624	0.066183582	0.041280574	0.043899214	0.065819308
S(5,5)Contrast	2.3103765	3.2295684	2.8714417	2.9834711	2.1974288	0.92286501	2.0817264	1.3617998	2.0165289	3.4600551	2.9449036	2.0027548	1.600551	2.030303	2.0918274	1.1322314
S(5,5)Correlat	0.62777698	0.62531354	0.61768867	0.61380915	0.61408316	0.67864754	0.36616026	0.4238828	0.56473394	0.42227661	0.31937215	0.72796299	0.42379737	0.69001052	0.52784339	0.70000097
S(5,5)SumOfSqs	3.1034841	4.3096945	3.7553709	3.8626901	2.8470237	1.4359078	1.6421551	1.1818774	2.3164325	2.9945603	2.1633728	3.6810338	1.3888786	3.2747934	2.2151838	1.8870585
S(5,5)InvDfMom	0.50460757	0.46481142	0.4513315	0.50706935	0.53673926	0.66859504	0.54166802	0.65907741	0.5546913	0.46545006	0.44318587	0.50427807	0.58196403	0.54326689	0.50835629	0.61900826
S(5,5)SumAverg	67.22314	59.596878	63.916437	64.160698	62.182736	54.452709	53.97337	59.905418	64.705234	56.290174	57.67034	58.056015	66.006428	60.090909	63.368228	67.244261
S(5,5)SumVarnc	10.10356	14.00921	12.150042	12.467289	9.1906662	4.8207663	4.4868942	3.3657099	7.2492013	8.5181863	5.7085877	12.72138	3.9549633	11.068871	6.7689079	6.4160024
S(5,5)SumEntrp	1.0881017	1.1161674	1.1199961	1.1237496	1.0308665	0.90943996	0.89578751	0.83870321	0.98923446	1.049244	0.98093164	1.1324884	0.89930891	1.0946921	1.0051522	0.95502712
S(5,5)Entropy	1.5457395	1.59704	1.5941913	1.6154545	1.4740886	1.1990202	1.3346352	1.17555	1.4283183	1.5960297	1.4683741	1.5618732	1.2983043	1.5160656	1.4547168	1.2702697
S(5,5)DifVarnc	0.85446501	1.2167657	0.95134667	1.3094295	0.91548088	0.42421375	0.84919822	0.73087668	0.86223619	1.3496919	0.94770394	0.65766607	0.67266369	0.82212053	0.7275004	0.45376378
S(5,5)DifEntrp	0.56257189	0.62719595	0.58256987	0.61527786	0.55853763	0.41554639	0.55657858	0.50238593	0.55034069	0.64918843	0.58761801	0.51633892	0.51024594	0.55053095	0.53349632	0.4353066
_Area_S(5,-5)	2178	2178	2178	2178	2178	2178	2178	2178	2178	2178	2178	2178	2178	2178	2178	2178
S(5,-5)AngScMom	0.037738601	0.03649948	0.035615357	0.042015868	0.042532766	0.064564587	0.068398317	0.11988024	0.04621893	0.041848487	0.048163411	0.038081795	0.075785402	0.041310509	0.05014162	0.068610388
S(5,-5)Contrast	1.6317723	3.6565657	2.4802571	1.7988981	2.4224059	1.405877	1.9072544	1.6951331	1.6859504	1.9825528	1.9770432	1.6721763	1.5050505	1.7162534	2.2956841	1.2497704
S(5,-5)Correlat	0.74017881	0.56741476	0.6386201	0.75785322	0.59680038	0.50615134	0.41718256	0.25896521	0.62434927	0.66631221	0.56135622	0.77032226	0.44488827	0.73980875	0.47552205	0.68351909
S(5,-5)SumOfSqs	3.1401832	4.2264105	3.4316479	3.7144787	3.0039783	1.4233884	1.6362365	1.1437608	2.2440399	2.9706703	2.2535862	3.6402663	1.3556285	3.2980614	2.1885421	1.97448
S(5,-5)InvDfMom	0.54995409	0.50036936	0.49770972	0.5577216	0.53007076	0.5758494	0.55656566	0.6244776	0.56143251	0.52967644	0.56223319	0.55937449	0.62339188	0.5584022	0.55596608	0.65390266
S(5,-5)SumAverg	67.376492	59.502296	63.905418	64.072544	62.224059	54.529844	53.760331	59.959596	64.71258	56.267218	57.549128	58.090909	66.028466	60.057851	63.432507	67.264463
S(5,-5)SumVarnc	10.928961	13.249076	11.246334	13.059017	9.5935075	4.2876768	4.6376917	2.8799102	7.290209	9.9001283	7.0373018	12.888889	3.9174633	11.475992	6.4584842	6.6481494
S(5,-5)SumEntrp	1.1000531	1.0858813	1.1147367	1.104782	1.0513151	0.9059718	0.93956686	0.81003546	1.0069032	1.0890385	0.99572204	1.1359711	0.88483347	1.0949447	1.0072038	0.97483623
S(5,-5)Entropy	1.5023739	1.6189897	1.5806667	1.527747	1.5086519	1.2530082	1.3341292	1.1824849	1.4087394	1.5130995	1.4362373	1.5159614	1.2595955	1.4918288	1.4562344	1.302675
S(5,-5)DifVarnc	0.58720943	1.7134986	0.92291814	0.72408702	1.0278813	0.51996212	0.79014707	0.87867404	0.66193279	0.74185549	0.87155215	0.64629937	0.74243563	0.67169061	1.0570316	0.63335079
S(5,-5)DifEntrp	0.49059646	0.66413629	0.57915861	0.52711491	0.58668435	0.46530587	0.53958311	0.53234812	0.50937461	0.53369655	0.54459789	0.50709464	0.49531808	0.51371011	0.5699704	0.48382312
Horzl_RLNonUni	38.326667	48.029412	50.177515	47.724036	39.322785	32.326316	58.984252	32.226481	36.440789	64.222222	45.398827	48.111748	43.797468	34.951389	47.506024	26.615385
Horzl_GLevNonU	46.646667	49.011765	45.964497	44.566766	47.006329	58.17193	67.944882	60.456446	50.690789	62.313131	62.530792	45.825215	60.974684	42.701389	54.746988	47.823077
Horzl_LngREmph	38.606667	29.117647	30.87574	34.95549	36.841772	42.835088	21.564304	48.062718	38.269737	20.464646	30.8739	26.332378	40.253165	34.729167	33.228916	46.384615
Horzl_ShrtREmp	0.19520225	0.22233048	0.21421968	0.32096852	0.2756532	0.23687224	0.23221853	0.24086725	0.24833029	0.28300812	0.26556884	0.2616014	0.29963726	0.16507117	0.25610979	0.19676125
Horzl_Fraction	0.20775623	0.23545706	0.23407202	0.2333795	0.21883657	0.19736842	0.26385042	0.19875346	0.21052632	0.27423823	0.23614958	0.24168975	0.21883657	0.19944598	0.2299169	0.1800554
Vertl_RLNonUni	44.900585	76.278689	63.976	50.776536	47.436261	32.542088	50.454545	44.235474	54.176136	49.19186	59.979275	37.996721	33.830565	40.275081	45.526012	31.333333
Vertl_GLevNonU	51.304094	56.161593	48.504	47.821229	57.708215	59.538721	62.647727	71.281346	62.460227	55.726744	68.968912	38.914754	66.096346	41.032362	56.265896	52.120567
Vertl_LngREmph	27.02924	18.955504	27.088	23.296089	25.898017	36.30303	28.386364	37.009174	26.494318	29.75	19.772021	36.42623	32.598007	31.66343	25.156069	40.950355
Vertl_ShrtREmp	0.23458089	0.32543022	0.25358141	0.21075111	0.26145851	0.24758629	0.25974725	0.28033746	0.21559935	0.23564014	0.2155001	0.24677081	0.19562369	0.16125944	0.21658986	0.20244232
Vertl_Fraction	0.23684211	0.29570637	0.25969529	0.24792244	0.24445983	0.20567867	0.24376731	0.22645429	0.24376731	0.23822715	0.26731302	0.21121884	0.20844875	0.21398892	0.23961219	0.19529086
45dgr_RLNonUni	100.49899	117.7026	100.61111	101.5509	88.75641	62.914141	107.17097	80	80.569507	136.43942	122.38069	80.054945	78.665158	74.053398	94.063291	53.373984
45dgr_GLevNonU	77.383838	72.100372	65.980159	68.780439	76	78.818182	94.483101	86.922705	76.103139	88.869801	99.681239	59.852747	89.950226	59.11165	77.383966	71.303523
45dgr_LngREmph	12.371717	10.67658	12.134921	13.596806	14.641026	22.464646	14.314115	24.560386	16.547085	11.862568	9.7959927	13.986813	17.253394	23.029126	13.472574	22.406504
45dgr_ShrtREmp	0.34461726	0.410059	0.37668214	0.39805397	0.3828519	0.32695027	0.37945325	0.37950986	0.34438276	0.47489427	0.38698716	0.30396582	0.33143996	0.2960027	0.3116708	0.23308176
45dgr_Fraction	0.34279778	0.37257618	0.34903047	0.34695291	0.32409972	0.27423823	0.34833795	0.2867036	0.30886427	0.38296399	0.38019391	0.31509695	0.30609418	0.28531856	0.32825485	0.25554017
135dr_RLNonUni	74.73913	128.57532	111.45648	90.168103	95.754717	67.27619	117.80385	72.623472	88.465217	93.352941	79.669643	82.138462	76.525346	65.915842	84.281938	54.092437
135dr_GLevNonU	64.7254	77.203267	70.458414	60.612069	73.184486	87.204762	89.261538	87.464548	79.395652	74.201681	78.370536	57.637363	90.764977	54.732673	67.982379	64.243697
135dr_LngREmph	15.743707	11.143376	11.903288	15.099138	14.939203	17.266667	12.057692	23.794621	15.243478	14.390756	16.763393	15.30989	18.092166	19.782178	16.722467	29.854342
135dr_ShrtREmp	0.29200751	0.43586885	0.39360744	0.33569129	0.38361272	0.29218818	0.3812836	0.38337652	0.32044491	0.35704657	0.36689934	0.32923676	0.38040502	0.27473178	0.36071959	0.29925694
135dr_Fraction	0.30263158	0.38157895	0.35803324	0.32132964	0.33033241	0.29085873	0.3601108	0.283241	0.31855956	0.32963989	0.31024931	0.31509695	0.30055402	0.27977839	0.31440443	0.24722992
_AreaGr	1296	1296	1296	1296	1296	1296	1296	1296	1296	1296	1296	1296	1296	1296	1296	1296
GrMean	0.20013868	0.2064439	0.15200228	0.19603859	0.12568075	0.16341184	0.16756676	0.10311698	0.14340495	0.1931394	0.20495553	0.18943647	0.19547693	0.16477724	0.14236857	0.14404417
GrVariance	0.19759883	0.20043647	0.16053728	0.19150714	0.13158089	0.16156818	0.17022385	0.11282368	0.14995971	0.19109224	0.20182039	0.18247802	0.18709741	0.17423735	0.15102749	0.15131918
GrSkewness	1.8676827	1.8041559	2.3579443	1.8819231	2.6495475	2.153551	2.1570544	3.0668456	2.4351732	1.9192983	1.8319615	1.9085586	1.8572926	2.2351329	2.4673591	2.4348275
GrKurtosis	1.7461478	1.5126309	3.8547296	1.8089545	5.383916	2.9427195	2.9439852	7.813883	4.2515886	1.9496413	1.6092381	1.9197744	1.7214975	3.2625199	4.4011503	4.2453448
GrNonZeros	0.17361111	0.18055556	0.12962963	0.1720679	0.11033951	0.14583333	0.14583333	0.088734568	0.1242284	0.16820988	0.17746914	0.16898148	0.17438272	0.13888889	0.12191358	0.1242284
_AreaARM	1332	1332	1332	1332	1332	1332	1332	1332	1332	1332	1332	1332	1332	1332	1332	1332
Teta1	0.78954415	0.85039088	0.81251645	0.7032736	0.7975305	0.70106113	0.77762774	0.73091011	0.75693664	0.75157776	0.79194383	0.67701737	0.6846329	0.77147168	0.70981797	0.69949324
Teta2	-0.32637216	-0.43809996	-0.3853067	-0.25418024	-0.40217808	-0.29563006	-0.38390976	-0.25441095	-0.36402881	-0.32377083	-0.32288681	-0.28492887	-0.36509683	-0.35062062	-0.23856951	-0.22095857
Teta3	0.21573902	0.24648581	0.23852044	0.23174747	0.31447958	0.30717594	0.30295192	0.17602729	0.33126127	0.29207151	0.19895381	0.30630108	0.45284892	0.27623543	0.21327854	0.18125881
Teta4	0.32509918	0.33486978	0.33235637	0.3235724	0.28622454	0.29051491	0.3039141	0.34494769	0.27413196	0.2914629	0.33840714	0.30645521	0.23429305	0.30097039	0.32818207	0.35039692
Sigma	0.082460587	0.081831494	0.084246616	0.094156498	0.097726625	0.13405714	0.1246611	0.17083305	0.11739191	0.09997756	0.1168784	0.084560984	0.13451096	0.078577186	0.11617073	0.10643734
WavEnLL_s-1	17426.729	13846.016	15604.239	16046.298	15064.659	11436.508	11139.873	13810.851	16164.969	12249.357	12691.994	13071.923	16989.056	13995.762	15643.5	17659.732
WavEnLH_s-1	0.2867036	0.48943906	0.37950139	0.30020776	0.3325831	0.19407895	0.33466066	0.30834488	0.28237535	0.33310249	0.38279086	0.23684211	0.19961911	0.23840028	0.31284626	0.1674169
WavEnHL_s-1	0.24030471	0.31561634	0.30055402	0.31336565	0.28479917	0.18853878	0.33119806	0.2190097	0.24497922	0.4099723	0.34262465	0.30124654	0.2958795	0.20862188	0.25605956	0.15910665
WavEnHH_s-1	0.040166205	0.048303324	0.050554017	0.066135734	0.043801939	0.048649584	0.047264543	0.061807479	0.046918283	0.042243767	0.049688366	0.058171745	0.036876731	0.036876731	0.069078947	0.043455679
WavEnLL_s-2	17384.238	13777.577	15621.112	16209.888	15108.56	11561.48	11149.989	13824.52	16253.996	12353.079	12655.704	13251.51	17013.921	13919.438	15591.229	17707
WavEnLH_s-2	0.71066406	1.4130469	1.1473438	0.81632812	1.10125	0.47894531	0.93171875	0.87078125	0.85945313	0.88992187	0.94148438	0.59074219	0.52273437	0.6003125	0.91207031	0.48699219
WavEnHL_s-2	0.69832031	0.83554688	0.8346875	0.91695313	0.898125	0.49378906	0.97109375	0.62296875	0.59507813	1.3069531	1.0424219	0.79824219	0.53273437	0.57765625	0.69488281	0.32199219
WavEnHH_s-2	0.035507812	0.048046875	0.05515625	0.060234375	0.0434375	0.036757813	0.0665625	0.04703125	0.051640625	0.048203125	0.033046875	0.047304687	0.025859375	0.023125	0.057695312	0.016367188
WavEnLL_s-3	17323.125	13826.722	15614.686	16280.167	15249.532	11748.518	11224.465	13955.39	16249.44	12595.232	12649.149	13319.243	17216.238	13914.884	15656.742	18085.209
WavEnLH_s-3	2.281958	3.8176921	3.4716797	2.5333577	1.9166938	1.8934163	3.1600423	2.7450684	3.1382227	2.9818929	3.0374805	2.0952488	1.635003	2.5133594	2.8034668	2.6574029
WavEnHL_s-3	2.1647054	3.7494629	2.4971094	2.330363	2.5577257	1.2721598	2.688265	1.7467936	1.2663086	2.1078695	3.139082	2.3044501	1.4410197	1.89	1.9916829	0.91383192
WavEnHH_s-3	0.16343587	0.23689779	0.45773438	0.26024577	0.22903103	0.10233561	0.38341471	0.27980143	0.15228516	0.18756782	0.37837891	0.29441325	0.16462538	0.15027344	0.23136393	0.13388401
WavEnLL_s-4	17784.722	13448.606	15640.571	16076.969	15415.269	11624.909	11530.023	14147.079	15893.482	12899.196	12447.945	13724.037	17339.597	14461.332	15674.143	18667.268
WavEnLH_s-4	5.8098806	16.93605	9.9390479	10.520526	7.8326009	6.1698897	3.2695685	4.2291361	4.9263357	6.2438745	2.5629764	8.5015259	3.1016655	2.7186127	5.9560106	5.2424345
WavEnHL_s-4	4.3662516	3.4816437	2.446189	2.8668603	2.1762543	4.4401059	8.4645013	3.0383606	3.5630612	5.8551416	5.2044763	9.1137886	2.9602661	4.1994544	3.2355245	3.8629141
WavEnHH_s-4	0.85084025	1.9922977	4.8954756	0.77601284	1.3033854	0.39031474	2.195872	0.65685018	0.32863193	0.91294193	1.2965376	1.6518898	0.21831894	0.57769606	2.0740323	0.36833477
WavEnLL_s-5	19050.102	14459.81	16175.34	16907.709	14810.233	11493.544	12932.824	15119.936	15678.389	13124.974	11849.075	14679.592	17173.212	15420.121	16459.836	19168.496
WavEnLH_s-5	5.8783231	3.5263419	6.5440764	3.4662931	9.5173764	26.54241	25.80241	8.5636306	1.7516692	8.9807723	8.4415696	9.2948078	4.2069295	9.8753772	10.649649	11.800223
WavEnHL_s-5	31.944362	2.225307	3.4455619	1.2378156	12.145138	13.589131	17.214315	11.419466	4.5755827	5.4374889	2.9326479	32.394856	6.1646582	2.0064769	2.9700589	8.813333
WavEnHH_s-5	1.2237868	1.3982377	7.860992	1.0222328	2.329843	3.4538691	2.3127179	3.3407407	0.084093332	1.8331423	5.0642292	1.4242112	3.087602	0.21208906	0.58882952	1.0366492
WavEnLL_s-6	NaN	NaN	NaN	NaN	NaN	NaN	NaN	NaN	NaN	14107.294	NaN	15214.801	NaN	NaN	16819.463	NaN
WavEnLH_s-6	NaN	NaN	NaN	NaN	NaN	NaN	NaN	NaN	NaN	5.3114602	NaN	64.269136	NaN	NaN	29.545448	NaN
WavEnHL_s-6	NaN	NaN	NaN	NaN	NaN	NaN	NaN	NaN	NaN	6.556605	NaN	49.60236	NaN	NaN	10.724436	NaN
WavEnHH_s-6	NaN	NaN	NaN	NaN	NaN	NaN	NaN	NaN	NaN	2.3956604	NaN	5.3797498	NaN	NaN	4.3338171	NaN
