Image File: IMG_7566.bmp 
ROI File: newdraw.roi 
Image size: 1205 x 904
Min. lum.: 19
Max. lum.: 225
Bits/pixel: 8

Normalisation =  No
Histogram analysis = Yes
CO matrix analysis = No
RL matrix analysis = No
Gradient analysis = No
AR model analysis = No
Geometrical features done
Wavelet analysis = No

--------------- CLASS NAMES ----------------

----------------- FEATURES -----------------
GeoX	603.52956	0	0	0	0	0	0	0	0	0	0	0	0	0	0	0
GeoY	427.1756	0	0	0	0	0	0	0	0	0	0	0	0	0	0	0
GeoF	503376	0	0	0	0	0	0	0	0	0	0	0	0	0	0	0
GeoSpol	800.57369	0	0	0	0	0	0	0	0	0	0	0	0	0	0	0
GeoSmax	999.52489	0	0	0	0	0	0	0	0	0	0	0	0	0	0	0
GeoAox	40.943262	0	0	0	0	0	0	0	0	0	0	0	0	0	0	0
GeoUg	8277.7807	0	0	0	0	0	0	0	0	0	0	0	0	0	0	0
GeoUw	2827.3238	0	0	0	0	0	0	0	0	0	0	0	0	0	0	0
GeoFmax	999.52089	0	0	0	0	0	0	0	0	0	0	0	0	0	0	0
GeoFmin	655	0	0	0	0	0	0	0	0	0	0	0	0	0	0	0
GeoFh	655	0	0	0	0	0	0	0	0	0	0	0	0	0	0	0
GeoFv	767	0	0	0	0	0	0	0	0	0	0	0	0	0	0	0
GeoMmin	327.47049	0	0	0	0	0	0	0	0	0	0	0	0	0	0	0
GeoMmax	504.08249	0	0	0	0	0	0	0	0	0	0	0	0	0	0	0
GeoMaver	407.18702	0	0	0	0	0	0	0	0	0	0	0	0	0	0	0
GeoFt	503376	0	0	0	0	0	0	0	0	0	0	0	0	0	0	0
GeoUl	8277.7807	0	0	0	0	0	0	0	0	0	0	0	0	0	0	0
GeoS1	328	0	0	0	0	0	0	0	0	0	0	0	0	0	0	0
GeoS2	0	0	0	0	0	0	0	0	0	0	0	0	0	0	0	0
GeoLsz	2855.1895	0	0	0	0	0	0	0	0	0	0	0	0	0	0	0
GeoS	655	0	0	0	0	0	0	0	0	0	0	0	0	0	0	0
GeoL	767	0	0	0	0	0	0	0	0	0	0	0	0	0	0	0
GeoSxL	502385	0	0	0	0	0	0	0	0	0	0	0	0	0	0	0
GeoD1	327.50038	0	0	0	0	0	0	0	0	0	0	0	0	0	0	0
GeoD2	499.76244	0	0	0	0	0	0	0	0	0	0	0	0	0	0	0
GeoFd2	784652.04	0	0	0	0	0	0	0	0	0	0	0	0	0	0	0
GeoLmaxE	1067.7208	0	0	0	0	0	0	0	0	0	0	0	0	0	0	0
GeoLminE	926.31892	0	0	0	0	0	0	0	0	0	0	0	0	0	0	0
GeoFE	776798.05	0	0	0	0	0	0	0	0	0	0	0	0	0	0	0
GeoW1	1.1526493	0	0	0	0	0	0	0	0	0	0	0	0	0	0	0
GeoW2	0.09231548	0	0	0	0	0	0	0	0	0	0	0	0	0	0	0
GeoW6	0.001308614	0	0	0	0	0	0	0	0	0	0	0	0	0	0	0
GeoW3	136.1242	0	0	0	0	0	0	0	0	0	0	0	0	0	0	0
GeoW4	2.9277795	0	0	0	0	0	0	0	0	0	0	0	0	0	0	0
GeoW5	176.30213	0	0	0	0	0	0	0	0	0	0	0	0	0	0	0
GeoW5b	0.061747961	0	0	0	0	0	0	0	0	0	0	0	0	0	0	0
GeoW7	1.5259904	0	0	0	0	0	0	0	0	0	0	0	0	0	0	0
GeoRs	10.832419	0	0	0	0	0	0	0	0	0	0	0	0	0	0	0
GeoRf	0.85397653	0	0	0	0	0	0	0	0	0	0	0	0	0	0	0
GeoRff	0.65531397	0	0	0	0	0	0	0	0	0	0	0	0	0	0	0
GeoRc	0.30383463	0	0	0	0	0	0	0	0	0	0	0	0	0	0	0
GeoRc1	800.57369	0	0	0	0	0	0	0	0	0	0	0	0	0	0	0
GeoRc2	2634.8994	0	0	0	0	0	0	0	0	0	0	0	0	0	0	0
GeoRm	12.165056	0	0	0	0	0	0	0	0	0	0	0	0	0	0	0
GeoRb	689.30256	0	0	0	0	0	0	0	0	0	0	0	0	0	0	0
GeoRd	9.3357322e+12	0	0	0	0	0	0	0	0	0	0	0	0	0	0	0
GeoRh	0.99269776	0	0	0	0	0	0	0	0	0	0	0	0	0	0	0
GeoW8	0.85397653	0	0	0	0	0	0	0	0	0	0	0	0	0	0	0
GeoW9	0.99803129	0	0	0	0	0	0	0	0	0	0	0	0	0	0	0
GeoW10	0.64963671	0	0	0	0	0	0	0	0	0	0	0	0	0	0	0
GeoSigR	2448.2256	0	0	0	0	0	0	0	0	0	0	0	0	0	0	0
GeoW11	344.52489	0	0	0	0	0	0	0	0	0	0	0	0	0	0	0
GeoW12	2.0154186	0	0	0	0	0	0	0	0	0	0	0	0	0	0	0
GeoW13	0.0019856427	0	0	0	0	0	0	0	0	0	0	0	0	0	0	0
GeoW14	0.00050409416	0	0	0	0	0	0	0	0	0	0	0	0	0	0	0
GeoW15	0.97896623	0	0	0	0	0	0	0	0	0	0	0	0	0	0	0
GeoM2x	35804.73	0	0	0	0	0	0	0	0	0	0	0	0	0	0	0
GeoM2y	49071.36	0	0	0	0	0	0	0	0	0	0	0	0	0	0	0
GeoM2xy	11.183424	0	0	0	0	0	0	0	0	0	0	0	0	0	0	0
GeoEr	272.73082	0	0	0	0	0	0	0	0	0	0	0	0	0	0	0
GeoEr2	84876.089	0	0	0	0	0	0	0	0	0	0	0	0	0	0	0
GeoEl	116.88656	0	0	0	0	0	0	0	0	0	0	0	0	0	0	0
GeoEl2	20445.536	0	0	0	0	0	0	0	0	0	0	0	0	0	0	0
GeoNc	2842	0	0	0	0	0	0	0	0	0	0	0	0	0	0	0
GeoNv	7	0	0	0	0	0	0	0	0	0	0	0	0	0	0	0
GeoNl	2842	0	0	0	0	0	0	0	0	0	0	0	0	0	0	0
GeoNsz	3983	0	0	0	0	0	0	0	0	0	0	0	0	0	0	0
GeoNi	6	0	0	0	0	0	0	0	0	0	0	0	0	0	0	0
GeoNx	4	0	0	0	0	0	0	0	0	0	0	0	0	0	0	0
GeoNo	0	0	0	0	0	0	0	0	0	0	0	0	0	0	0	0
GeoXo	-0.029560408	0	0	0	0	0	0	0	0	0	0	0	0	0	0	0
GeoYo	-55.675598	0	0	0	0	0	0	0	0	0	0	0	0	0	0	0
GeoXYo	55.675606	0	0	0	0	0	0	0	0	0	0	0	0	0	0	0
_Area	503376	0	0	0	0	0	0	0	0	0	0	0	0	0	0	0
Mean	167.41482	0	0	0	0	0	0	0	0	0	0	0	0	0	0	0
Variance	717.66424	0	0	0	0	0	0	0	0	0	0	0	0	0	0	0
Skewness	-0.63008817	0	0	0	0	0	0	0	0	0	0	0	0	0	0	0
Kurtosis	0.53976931	0	0	0	0	0	0	0	0	0	0	0	0	0	0	0
Perc.01%	104	0	0	0	0	0	0	0	0	0	0	0	0	0	0	0
Perc.10%	129	0	0	0	0	0	0	0	0	0	0	0	0	0	0	0
Perc.50%	166	0	0	0	0	0	0	0	0	0	0	0	0	0	0	0
Perc.90%	202	0	0	0	0	0	0	0	0	0	0	0	0	0	0	0
Perc.99%	206	0	0	0	0	0	0	0	0	0	0	0	0	0	0	0
